コード	名称	日経 業種	みなし額面	日時	株価	前日比	前日比(％)	前日終値	始値	高値	安値	出来高	売買代金(千円)	時価総額(百万円)	値幅下限	値幅上限
1332	日本水産	水産	50	2/24 15:00	558	-11	-1.93	569	567	567	558	3452700	1937354	174336	469	669
1333	マルハニチロ	水産	500	2/24 15:00	3340	-20	-0.60	3360	3355	3385	3330	218200	731817	175874	2660	4060
1605	国際石油開発帝石	鉱業	125	2/24 15:00	1147	+2	+0.17	1145	1143.5	1162.5	1135	5830000	6708174	1677285	845	1445
1721	コムシスホールディングス	建設	50	2/24 15:00	1994	-17	-0.85	2011	1988	1998	1980	587700	1170212	281154	1511	2511
1801	大成建設	建設	50	2/24 15:00	791	-6	-0.75	797	792	796	788	4257000	3371780	907082	647	947
1802	大林組	建設	50	2/24 15:00	1060	-11	-1.03	1071	1066	1073	1057	2286900	2433859	764800	771	1371
1803	清水建設	建設	50	2/24 15:00	1045	-8	-0.76	1053	1050	1053	1041	1611000	1686013	823998	753	1353
1808	長谷工コーポレーション	建設	250	2/24 15:00	1330	+10	+0.76	1320	1314	1332	1306	1986000	2630477	400057	1020	1620
1812	鹿島建設	建設	50	2/24 15:00	737	-5	-0.67	742	739	741	735	4816000	3551955	779239	592	892
1925	大和ハウス工業	建設	50	2/24 15:00	3134	-17	-0.54	3151	3136	3166	3129	1379800	4336817	2087991	2451	3851
1928	積水ハウス	建設	50	2/24 15:00	1815	+15.5	+0.86	1799.5	1800.5	1825.5	1798.5	2192100	3979178	1288075	1399.5	2199.5
1963	日揮	建設	50	2/24 15:00	2030	-25	-1.22	2055	2039	2052	2025	857800	1745652	525877	1555	2555
2002	日清製粉グループ本社	食品	50	2/24 15:00	1700	0	0.00	1700	1690	1712	1681	536900	912179	517408	1300	2100
2269	明治ホールディングス	食品	250	2/24 15:00	8950	+150	+1.70	8800	8890	9060	8880	1149400	10303345	1366516	7300	10300
2282	日本ハム	食品	50	2/24 15:00	3000	-10	-0.33	3010	2996	3040	2995	1294000	3896072	612000	2310	3710
2432	ディー・エヌ・エー	サービス	166.6	2/24 15:00	2484	+6	+0.24	2478	2461	2510	2455	1643700	4093165	374612	1978	2978
2501	サッポロホールディングス	食品	250	2/24 15:00	2850	+17	+0.60	2833	2825	2867	2825	529300	1507100	224564	2333	3335
2502	アサヒグループホールディングス	食品	50	2/24 15:00	4038	+8	+0.20	4030	4029	4094	4020	1109200	4493347	1952720	3330	4730
2503	キリンホールディングス	食品	50	2/24 15:00	1955	+6	+0.31	1949	1943.5	1967	1943	2590500	5068235	1786870	1549	2349
2531	宝ホールディングス	食品	50	2/24 15:00	1145	+1	+0.09	1144	1138	1148	1127	709700	810811	249266	844	1444
2768	双日	商社	500	2/24 15:00	298	-1	-0.33	299	298	301	297	11117200	3327222	372947	219	379
2801	キッコーマン	食品	50	2/24 15:00	3410	0	0.00	3410	3390	3435	3380	387000	1319325	717407	2710	4110
2802	味の素	食品	50	2/24 15:00	2254.5	+21	+0.94	2233.5	2229.5	2260	2228.5	2055700	4623854	1289266	1733.5	2733.5
2871	ニチレイ	食品	100	2/24 15:00	2605	+6	+0.23	2599	2583	2618	2574	458200	1191312	385346	2099	3100
2914	日本たばこ産業	食品	50	2/24 15:00	3805	-6	-0.16	3811	3825	3832	3791	2867500	10933118	7610000	3111	4511
3086	J.フロントリテイリング	小売業	100	2/24 15:00	1738	-25	-1.42	1763	1731	1748	1722	889400	1543948	465991	1349	2149
3099	三越伊勢丹ホールディングス	小売業	50	2/24 15:00	1427	+3	+0.21	1424	1416	1438	1411	1933400	2760347	563965	1124	1724
3101	東洋紡	繊維	50	2/24 15:00	197	-3	-1.50	200	200	200	197	2991000	593876	175426	120	280
3103	ユニチカ	繊維	50	2/24 15:00	94	+1	+1.08	93	93	97	93	29052000	2752740	54287	63	123
3105	日清紡ホールディングス	繊維	50	2/24 15:00	1174	-3	-0.25	1177	1171	1177	1161	375600	439851	209910	877	1477
3289	東急不動産ホールディングス	不動産	50	2/24 15:00	650	+1	+0.15	649	647	655	646	2409800	1567856	416540	549	749
3382	セブン＆アイ・ホールディングス	小売業	50	2/24 15:00	4386	-62	-1.39	4448	4353	4425	4353	2946400	12906554	3887935	3703	5103
3401	帝人	繊維	250	2/24 15:00	2176	-9	-0.41	2185	2173	2187	2166	1132200	2464433	428567	1685	2685
3402	東レ	繊維	50	2/24 15:00	1009	-8.5	-0.84	1017.5	1012	1017	1007.5	3889000	3932281	1646165	717.5	1317.5
3405	クラレ	化学	50	2/24 15:00	1727	-9	-0.52	1736	1725	1734	1708	1115800	1923209	612849	1336	2136
3407	旭化成	化学	50	2/24 15:00	1106.5	+7	+0.64	1099.5	1094.5	1113	1083.5	3443000	3794678	1551995	799.5	1399.5
3436	SUMCO	非鉄・金属	500	2/24 15:00	1717	-26	-1.49	1743	1720	1739	1706	5494400	9449126	503571	1343	2143
3861	王子ホールディングス	パルプ・紙	50	2/24 15:00	540	+1	+0.19	539	535	541	532	3854000	2072376	547766	439	639
3863	日本製紙	パルプ・紙	500	2/24 15:00	2061	-7	-0.34	2068	2053	2074	2053	590400	1218326	239601	1568	2568
3865	北越紀州製紙	パルプ・紙	50	2/24 15:00	781	0	0.00	781	780	785	774	330700	258040	163435	631	931
4004	昭和電工	化学	500	2/24 15:00	2000	-23	-1.14	2023	2005	2020	1983	915400	1832736	299423	1523	2523
4005	住友化学	化学	50	2/24 15:00	642	-6	-0.93	648	645	646	636	6689000	4294581	1062796	548	748
4021	日産化学工業	化学	50	2/24 15:00	3705	-70	-1.85	3775	3720	3735	3670	939400	3476438	570570	3075	4475
4042	東ソー	化学	50	2/24 15:00	985	-22	-2.18	1007	991	1021	798	14189000	13984092	640409	707	1307
4043	トクヤマ	化学	50	2/24 15:00	547	-15	-2.67	562	560	560	543	5899000	3242122	191271	462	662
4061	デンカ	化学	50	2/24 15:00	593	-7	-1.17	600	596	599	591	2108000	1252265	276311	500	700
4063	信越化学工業	化学	50	2/24 15:00	9754	-132	-1.34	9886	9811	9819	9742	1141500	11159364	4214769	8386	11390
4151	協和発酵キリン	医薬品	50	2/24 15:00	1685	-23	-1.35	1708	1703	1704	1680	716000	1209510	971375	1308	2108
4183	三井化学	化学	50	2/24 15:00	571	-7	-1.21	578	573	576	569	7581000	4334269	583573	478	678
4188	三菱ケミカルホールディングス	化学	100	2/24 15:00	876.7	-12.6	-1.42	889.3	880.4	889.6	874.6	5902400	5191704	1320563	739.3	1039.5
4208	宇部興産	化学	50	2/24 15:00	284	-6	-2.07	290	289	290	284	17622000	5054808	301608	210	370
4272	日本化薬	化学	50	2/24 15:00	1561	-18	-1.14	1579	1579	1579	1554	477000	747272	284888	1179	1979
4324	電通	サービス	50	2/24 15:00	6230	+80	+1.30	6150	6190	6250	6150	1104300	6855809	1796794	5150	7150
4452	花王	化学	50	2/24 15:00	5720	+16	+0.28	5704	5709	5749	5687	970300	5547838	2882880	4704	6704
4502	武田薬品工業	医薬品	50	2/24 15:00	5349	+12	+0.22	5337	5345	5358	5311	1740700	9299406	4227918	4337	6337
4503	アステラス製薬	医薬品	10	2/24 15:00	1531	+1.5	+0.10	1529.5	1529.5	1533.5	1520	6767000	10335975	3297503	1129.5	1929.5
4506	大日本住友製薬	医薬品	50	2/24 15:00	1997	+4	+0.20	1993	1977	2005	1975	830100	1655240	794607	1593	2393
4507	塩野義製薬	医薬品	50	2/24 15:00	5636	-28	-0.49	5664	5614	5650	5575	1584600	8907852	1855011	4664	6664
4519	中外製薬	医薬品	50	2/24 15:00	3745	-155	-3.97	3900	3840	3850	3730	1666600	6287170	2096024	3200	4600
4523	エーザイ	医薬品	50	2/24 15:00	6306	+65	+1.04	6241	6200	6316	6190	840200	5270685	1870151	5241	7241
4543	テルモ	精密機器	25	2/24 15:00	3950	-25	-0.63	3975	3975	3975	3925	890600	3518004	1500054	3275	4675
4568	第一三共	医薬品	50	2/24 15:00	2604.5	+6.5	+0.25	2598	2602.5	2616	2590.5	1268600	3303953	1846620	2098	3098
4578	大塚ホールディングス	医薬品	50	2/24 15:00	5160	-24	-0.46	5184	5175	5216	5149	1061300	5489557	2878432	4184	6184
4689	ヤフー	サービス	125	2/24 15:00	523	-1	-0.19	524	523	530	521	9012600	4735019	2978716	424	624
4704	トレンドマイクロ	サービス	50	2/24 15:00	4945	-15	-0.30	4960	4975	4975	4900	461600	2281535	693749	4260	5660
4755	楽天	サービス	50	2/24 15:00	1144	+18.5	+1.64	1125.5	1121.5	1152.5	1119	9070900	10335801	1638739	825.5	1425.5
4901	富士フイルムホールディングス	化学	50	2/24 15:00	4348	+30	+0.69	4318	4327	4370	4312	1215500	5283769	2237593	3618	5018
4902	コニカミノルタ	精密機器	50	2/24 15:00	1090	-4	-0.37	1094	1090	1097	1084	1783200	1943496	547904	794	1394
4911	資生堂	化学	50	2/24 15:00	2954.5	+7.5	+0.25	2947	2940.5	2961.5	2927.5	1562500	4607096	1181800	2447	3447
5002	昭和シェル石油	石油	50	2/24 15:00	1146	+5	+0.44	1141	1141	1154	1129	1340700	1534271	431871	841	1441
5020	JXホールディングス	石油	50	2/24 15:00	531.9	-1.4	-0.26	533.3	533.2	535.5	530.3	9844300	5248240	1327349	433.3	633.3
5101	横浜ゴム	ゴム	100	2/24 15:00	2261	-4	-0.18	2265	2250	2266	2231	812300	1832759	383350	1765	2765
5108	ブリヂストン	ゴム	50	2/24 15:00	4533	-14	-0.31	4547	4545	4574	4525	2401700	10914581	3685793	3847	5247
5201	旭硝子	窯業	50	2/24 15:00	927	-10	-1.07	937	931	936	921	4147000	3851061	1100076	787	1087
5202	日本板硝子	窯業	500	2/24 15:00	833	-19	-2.23	852	843	848	831	1994800	1670966	75272	702	1002
5214	日本電気硝子	窯業	33.3	2/24 15:00	697	-18	-2.52	715	679	700	676	4691000	3250311	346839	565	865
5232	住友大阪セメント	窯業	50	2/24 15:00	451	-13	-2.80	464	461	461	448	4417000	2000729	188262	384	544
5233	太平洋セメント	窯業	50	2/24 15:00	391	-15	-3.69	406	399	399	386	27268000	10652647	497118	326	486
5301	東海カーボン	窯業	50	2/24 15:00	452	-17	-3.62	469	453	455	442	2874300	1286688	101674	389	549
5332	TOTO	窯業	100	2/24 15:00	4180	-15	-0.36	4195	4170	4205	4165	528500	2210131	739782	3495	4895
5333	日本碍子	窯業	50	2/24 15:00	2463	-41	-1.64	2504	2480	2492	2450	1097100	2708441	806781	2004	3005
5401	新日鐵住金	鉄鋼	500	2/24 15:00	2807.5	-41	-1.44	2848.5	2820	2838.5	2803	2308500	6500546	2668027	2348.5	3349
5406	神戸製鋼所	鉄鋼	500	2/24 15:00	1108	-46	-3.99	1154	1135	1135	1104	4930300	5498347	403716	854	1454
5411	ジェイエフイーホールディングス	鉄鋼	500	2/24 15:00	2156	-46	-2.09	2202	2169	2186.5	2151	3631100	7852056	1324729	1702	2702
5413	日新製鋼	鉄鋼	500	2/24 15:00	1596	-6	-0.37	1602	1595	1602	1591	1449400	2314185	175311	1202	2002
5541	大平洋金属	鉄鋼	50	2/24 15:00	400	-12	-2.91	412	407	407	395	2293000	917899	78308	332	492
5631	日本製鋼所	機械	250	2/24 15:00	2005	-26	-1.28	2031	2003	2015	1985	264400	529736	148957	1531	2531
5703	日本軽金属ホールディングス	非鉄・金属	50	2/24 15:00	282	-5	-1.74	287	288	288	281	5570800	1579952	174822	207	367
5706	三井金属鉱業	非鉄・金属	50	2/24 15:00	370	-14	-3.65	384	378	379	370	16439000	6145162	211997	304	464
5707	東邦亜鉛	非鉄・金属	50	2/24 15:00	591	-27	-4.37	618	600	603	589	3371000	2001635	80290	518	718
5711	三菱マテリアル	非鉄・金属	500	2/24 15:00	3720	-175	-4.49	3895	3835	3840	3705	1288000	4836435	489141	3195	4595
5713	住友金属鉱山	非鉄・金属	50	2/24 15:00	1573	-30.5	-1.90	1603.5	1580	1590.5	1569.5	3625000	5722998	914901	1203.5	2003.5
5714	DOWAホールディングス	非鉄・金属	50	2/24 15:00	911	-40	-4.21	951	926	929	906	3463000	3167461	282361	801	1101
5715	古河機械金属	非鉄・金属	50	2/24 15:00	234	-8	-3.31	242	238	239	234	2451000	578918	94643	162	322
5801	古河電気工業	非鉄・金属	500	2/24 15:00	4065	-30	-0.73	4095	4070	4100	4040	382800	1558342	287261	3395	4795
5802	住友電気工業	非鉄・金属	50	2/24 15:00	1866	-3.5	-0.19	1869.5	1855	1870.5	1846	2032600	3786526	1481493	1469.5	2269.5
5803	フジクラ	非鉄・金属	50	2/24 15:00	844	-10	-1.17	854	849	852	841	1491800	1261781	249709	704	1004
5901	東洋製罐グループホールディングス	非鉄・金属	50	2/24 15:00	2049	-32	-1.54	2081	2066	2066	2037	405000	830499	446221	1581	2581
6103	オークマ	機械	50	2/24 15:00	1226	-19	-1.53	1245	1230	1234	1217	936000	1147181	206919	945	1545
6113	アマダホールディングス	機械	50	2/24 15:00	1291	-17	-1.30	1308	1291	1292	1280	1880300	2421999	488147	1008	1608
6301	小松製作所	機械	50	2/24 15:00	2710.5	-156	-5.44	2866.5	2740	2784	2705.5	8754600	23984430	2634518	2366.5	3367
6302	住友重機械工業	機械	50	2/24 15:00	794	-41	-4.91	835	820	822	791	5963000	4790985	487935	685	985
6305	日立建機	機械	50	2/24 15:00	2603	-88	-3.27	2691	2641	2662	2593	1391400	3639126	559944	2191	3195
6326	クボタ	機械	50	2/24 15:00	1787	-26	-1.43	1813	1790	1813	1784.5	4167900	7478122	2217880	1413	2213
6361	荏原製作所	機械	250	2/24 15:00	3345	-35	-1.04	3380	3350	3360	3310	685600	2290799	340284	2680	4080
6366	千代田化工建設	機械	50	2/24 15:00	722	-10	-1.37	732	726	728	719	1857000	1342685	187954	582	882
6367	ダイキン工業	機械	50	2/24 15:00	10770	-30	-0.28	10800	10750	10865	10685	504900	5437091	3156837	7800	13800
6471	日本精工	機械	50	2/24 15:00	1610	-30	-1.83	1640	1620	1629	1600	2615000	4217776	887542	1240	2040
6472	NTN	機械	50	2/24 15:00	569	-7	-1.22	576	566	578	560	6178000	3524929	302972	476	676
6473	ジェイテクト	機械	50	2/24 15:00	1915	-27	-1.39	1942	1912	1940	1910	1146800	2203932	657393	1542	2342
6479	ミネベア	電気機器	50	2/24 15:00	1386	-18	-1.28	1404	1388	1398	1378	3362400	4669619	591934	1104	1704
6501	日立製作所	電気機器	50	2/24 15:00	633	-1	-0.16	634	632.1	638.5	629.3	16308000	10326316	3059582	534	734
6502	東芝	電気機器	50	2/24 15:00	223.9	+8.9	+4.14	215	215.4	240.9	215.3	508096000	115747943	948799	135	295
6503	三菱電機	電気機器	50	2/24 15:00	1691	-16	-0.94	1707	1698.5	1711	1686	4137000	7012603	3630918	1307	2107
6504	富士電機	電気機器	50	2/24 15:00	635	+5	+0.79	630	627	640	626	4722000	3000384	474018	530	730
6506	安川電機	電気機器	50	2/24 15:00	2143	-3	-0.14	2146	2152	2194	2137	2200800	4748288	571518	1646	2646
6508	明電舎	電気機器	50	2/24 15:00	382	-3	-0.78	385	384	385	380	769000	293890	86958	305	465
6674	ジーエス・ユアサコーポレーション	電気機器	50	2/24 15:00	515	-2	-0.39	517	517	517	512	2180000	1122103	212991	417	617
6701	日本電気	電気機器	50	2/24 15:00	281	0	0.00	281	279	282	278	16451000	4605907	731930	201	361
6702	富士通	電気機器	50	2/24 15:00	655.8	-1.5	-0.23	657.3	654.2	661.2	650.9	9094000	5961399	1357518	557.3	757.3
6703	沖電気工業	電気機器	500	2/24 15:00	1613	0	0.00	1613	1602	1627	1598	351100	566664	140682	1213	2013
6752	パナソニック	電気機器	50	2/24 15:00	1258.5	-3	-0.24	1261.5	1248.5	1262	1248.5	5208700	6548011	3087168	961.5	1561.5
6758	ソニー	電気機器	50	2/24 15:00	3486	-29	-0.83	3515	3514	3525	3482	3575400	12511568	4404135	2815	4215
6762	TDK	電気機器	50	2/24 15:00	7820	-30	-0.38	7850	7820	7890	7760	711300	5564003	1013399	6350	9350
6770	アルプス電気	電気機器	50	2/24 15:00	3365	-30	-0.88	3395	3345	3430	3295	2539300	8567033	666970	2695	4095
6773	パイオニア	電気機器	50	2/24 15:00	226	-1	-0.44	227	227	230	225	5545500	1263224	84122	147	307
6841	横河電機	電気機器	50	2/24 15:00	1782	-8	-0.45	1790	1782	1792	1763	836900	1489319	478689	1390	2190
6857	アドバンテスト	電気機器	25	2/24 15:00	2013	+6	+0.30	2007	1995	2028	1975	1669100	3347377	401728	1507	2507
6902	デンソー	電気機器	50	2/24 15:00	5054	-28	-0.55	5082	5066	5087	5038	797100	4030770	4013223	4082	6082
6952	カシオ計算機	電気機器	50	2/24 15:00	1553	-13	-0.83	1566	1552	1565	1543	1340300	2082800	402259	1166	1966
6954	ファナック	電気機器	50	2/24 15:00	22160	0	0.00	22160	22085	22280	22035	489800	10842690	4522251	17160	27160
6971	京セラ	電気機器	25	2/24 15:00	6271	+11	+0.18	6260	6244	6301	6217	744600	4666858	2368046	5260	7260
6976	太陽誘電	電気機器	50	2/24 15:00	1529	-2	-0.13	1531	1516	1538	1508	1014800	1548221	184216	1131	1931
6988	日東電工	化学	50	2/24 15:00	9525	-66	-0.69	9591	9540	9592	9442	624300	5940494	1655049	8091	11095
7003	三井造船	造船	50	2/24 15:00	186	-2	-1.06	188	186	188	185	4888000	912080	154564	138	238
7004	日立造船	機械	250	2/24 15:00	646	-2	-0.31	648	644	647	641	1736400	1118923	109959	548	748
7011	三菱重工業	機械	50	2/24 15:00	443.7	-2	-0.45	445.7	444.4	447.1	442.2	12288000	5454266	1496888	365.7	525.7
7012	川崎重工業	造船	50	2/24 15:00	355	-3	-0.84	358	356	357	354	14987000	5326587	593136	278	438
7013	IHI	機械	50	2/24 15:00	343	-3	-0.87	346	345	348	342	14159000	4869729	530552	266	426
7186	コンコルディア・フィナンシャルグループ	銀行	50	2/24 15:00	605.4	-8.7	-1.42	614.1	605.1	616.2	600.3	5527300	3354619	787393	514.1	714.1
7201	日産自動車	自動車	50	2/24 15:00	1112	0	0.00	1112	1112	1117.5	1106	8991900	9994230	4693435	812	1412
7202	いすゞ自動車	自動車	100	2/24 15:00	1544	-6	-0.39	1550	1542	1555.5	1532	1891100	2915532	1309965	1150	1950
7203	トヨタ自動車	自動車	50	2/24 15:00	6448	-50	-0.77	6498	6438	6470	6431	4338500	27980529	21039808	5498	7498
7205	日野自動車	自動車	50	2/24 15:00	1311	-22	-1.65	1333	1318	1327	1306	1754000	2302954	753275	1033	1633
7211	三菱自動車工業	自動車	500	2/24 15:00	719	-9	-1.24	728	728	729	713	17142300	12336885	1071513	578	878
7261	マツダ	自動車	250	2/24 15:00	1601.5	-2.5	-0.16	1604	1586.5	1607	1578.5	4241300	6768354	960701	1204	2004
7267	本田技研工業	自動車	25	2/24 15:00	3553	-17	-0.48	3570	3555	3578	3543	3254100	11569537	6436005	2870	4270
7269	スズキ	自動車	50	2/24 15:00	4471	-1	-0.02	4472	4456	4488	4443	942100	4208022	2195261	3772	5172
7270	富士重工業	自動車	50	2/24 15:00	4276	-16	-0.37	4292	4264	4295	4251	2068900	8844649	3288996	3592	4992
7272	ヤマハ発動機	自動車	50	2/24 15:00	2606	-6	-0.23	2612	2575	2615	2570	1360300	3536979	911877	2112	3115
7731	ニコン	精密機器	50	2/24 15:00	1724	-2	-0.12	1726	1723	1737	1720	1605100	2772848	691115	1326	2126
7733	オリンパス	精密機器	50	2/24 15:00	3975	+5	+0.13	3970	3950	4000	3935	1510200	5992422	1362119	3270	4670
7735	SCREENホールディングス	電気機器	250	2/24 15:00	7530	-70	-0.92	7600	7550	7610	7480	368500	2775120	382485	6100	9100
7751	キヤノン	電気機器	33.3	2/24 15:00	3309	+19	+0.58	3290	3289	3319	3287	2614600	8645592	4413423	2590	3990
7752	リコー	電気機器	50	2/24 15:00	1001	+3	+0.30	998	999	1004	997	2511700	2514350	745657	848	1148
7762	シチズンホールディングス	精密機器	50	2/24 15:00	738	-8	-1.07	746	736	743	728	2117000	1558707	236421	596	896
7911	凸版印刷	その他製造	50	2/24 15:00	1128	-5	-0.44	1133	1127	1139	1127	982000	1111119	788937	833	1433
7912	大日本印刷	その他製造	50	2/24 15:00	1218	-7	-0.57	1225	1216	1225	1212	1154000	1404838	808119	925	1525
7951	ヤマハ	その他製造	50	2/24 15:00	2926	+8	+0.27	2918	2921	2945	2911	774200	2266179	577168	2418	3420
8001	伊藤忠商事	商社	50	2/24 15:00	1636.5	-14.5	-0.88	1651	1634	1651.5	1632.5	5211000	8549132	2721319	1251	2051
8002	丸紅	商社	50	2/24 15:00	733.8	-5.9	-0.80	739.7	737	742	733.2	5292500	3897786	1275301	589.7	889.7
8015	豊田通商	商社	50	2/24 15:00	3355	-25	-0.74	3380	3355	3380	3325	474300	1593427	1187860	2680	4080
8028	ユニー・ファミリーマートホールディングス	小売業	50	2/24 15:00	6840	-70	-1.01	6910	6800	6870	6790	476900	3257391	866712	5850	7850
8031	三井物産	商社	50	2/24 15:00	1723.5	-17.5	-1.01	1741	1747	1750	1722.5	6500600	11286279	3096292	1341	2141
8035	東京エレクトロン	電気機器	50	2/24 15:00	11265	-90	-0.79	11355	11275	11345	11195	602000	6772596	1861101	8355	14355
8053	住友商事	商社	50	2/24 15:00	1527.5	-6	-0.39	1533.5	1530	1538.5	1521.5	3659300	5599034	1910296	1133.5	1933.5
8058	三菱商事	商社	50	2/24 15:00	2573.5	-45	-1.72	2618.5	2606	2607.5	2572	6004200	15530787	4092063	2118.5	3119
8233	高島屋	小売業	50	2/24 15:00	1017	-9	-0.88	1026	1010	1021	1003	2096000	2122169	361563	720	1320
8252	丸井グループ	小売業	50	2/24 15:00	1567	-1	-0.06	1568	1559	1580	1556	923100	1447376	366146	1168	1968
8253	クレディセゾン	その他金融	50	2/24 15:00	2149	-26	-1.20	2175	2116	2156	2113	758900	1624758	398521	1675	2675
8267	イオン	小売業	50	2/24 15:00	1666	-24	-1.42	1690	1650.5	1671.5	1645.5	3887400	6454288	1452626	1275	2075
8303	新生銀行	銀行	50	2/24 15:00	215	+1	+0.47	214	213	215	212	23318000	4984724	591325	134	294
8304	あおぞら銀行	銀行	50	2/24 15:00	423	+4	+0.95	419	420	425	419	12791000	5407839	500364	339	499
8306	三菱UFJフィナンシャル・グループ	銀行	50	2/24 15:00	758.4	-5.8	-0.76	764.2	759	764.5	756.2	55314400	42020494	10745659	614.2	914.2
8308	りそなホールディングス	銀行	500	2/24 15:00	632.6	-5.2	-0.82	637.8	636.7	636.7	629.1	11610500	7348986	1470237	537.8	737.8
8309	三井住友トラスト・ホールディングス	銀行	500	2/24 15:00	4168	-37	-0.88	4205	4189	4193	4157	1142200	4765397	1626973	3505	4905
8316	三井住友フィナンシャルグループ	銀行	500	2/24 15:00	4470	-11	-0.25	4481	4459	4498	4452	4918000	21992570	6320829	3781	5181
8331	千葉銀行	銀行	50	2/24 15:00	792	-3	-0.38	795	787	799	784	2326000	1844947	693413	645	945
8354	ふくおかフィナンシャルグループ	銀行	50	2/24 15:00	527	0	0.00	527	521	531	521	5048000	2660681	453095	427	627
8355	静岡銀行	銀行	50	2/24 15:00	1013	-3	-0.30	1016	1013	1018	1002	1179000	1193349	673776	716	1316
8411	みずほフィナンシャルグループ	銀行	50	2/24 15:00	211.1	-0.3	-0.14	211.4	210.7	211.8	210	85223400	17988190	5359050	131.4	291.4
8601	大和証券グループ本社	証券	50	2/24 15:00	714.1	-1.8	-0.25	715.9	710.8	716.8	709.4	4477000	3194900	1249231	565.9	865.9
8604	野村ホールディングス	証券	50	2/24 15:00	736.5	-2.5	-0.34	739	732	741.2	726.2	11826900	8698754	2815317	589	889
8628	松井証券	証券	50	2/24 15:00	934	-1	-0.11	935	930	939	928	727100	679107	242153	785	1085
8630	損保ジャパン日本興亜ホールディングス	保険	200	2/24 15:00	4350	-2	-0.05	4352	4358	4392	4297	1226300	5337578	1806782	3652	5052
8725	MS＆ADインシュアランスグループホールディングス	保険	166.6	2/24 15:00	3859	-45	-1.15	3904	3856	3890	3840	1688100	6521835	2443873	3204	4604
8729	ソニーフィナンシャルホールディングス	保険	250	2/24 15:00	2033	-15	-0.73	2048	2025	2048	2016	934000	1898162	884355	1548	2548
8750	第一生命ホールディングス	保険	500	2/24 15:00	2175	-31	-1.41	2206	2180	2204.5	2157	6058800	13206148	2605700	1706	2706
8766	東京海上ホールディングス	保険	100	2/24 15:00	5041	-50	-0.98	5091	5042	5111	5028	1472900	7448533	3818680	4091	6091
8795	T＆Dホールディングス	保険	250	2/24 15:00	1792	-42	-2.29	1834	1780.5	1829.5	1772	5123800	9220977	1221212	1434	2234
8801	三井不動産	不動産	50	2/24 15:00	2609	-19	-0.72	2628	2605	2633	2593	3035000	7929743	2586627	2128	3128
8802	三菱地所	不動産	50	2/24 15:00	2249.5	+2	+0.09	2247.5	2233	2255.5	2215.5	2668000	5992097	3128348	1747.5	2747.5
8804	東京建物	不動産	100	2/24 15:00	1599	-19	-1.17	1618	1579	1609	1577	1092400	1743800	346924	1218	2018
8830	住友不動産	不動産	50	2/24 15:00	3205	+5	+0.16	3200	3167	3225	3164	1362000	4362308	1525856	2500	3900
9001	東武鉄道	鉄道・バス	50	2/24 15:00	575	-2	-0.35	577	575	580	574	2385000	1373585	618436	477	677
9005	東京急行電鉄	鉄道・バス	50	2/24 15:00	829	+2	+0.24	827	828	834	827	1979000	1642628	1036034	677	977
9007	小田急電鉄	鉄道・バス	100	2/24 15:00	2220	-18	-0.80	2238	2226	2243	2216	611600	1360821	818065	1738	2738
9008	京王電鉄	鉄道・バス	50	2/24 15:00	883	-4	-0.45	887	883	888	880	1098000	970049	567552	737	1037
9009	京成電鉄	鉄道・バス	100	2/24 15:00	2655	-6	-0.23	2661	2652	2681	2648	345800	919802	457752	2161	3165
9020	東日本旅客鉄道	鉄道・バス	500	2/24 15:00	10200	-30	-0.29	10230	10185	10290	10170	783800	8013369	3971961	7230	13230
9021	西日本旅客鉄道	鉄道・バス	500	2/24 15:00	7462	+7	+0.09	7455	7451	7526	7431	513900	3845713	1445651	5955	8955
9022	東海旅客鉄道	鉄道・バス	500	2/24 15:00	18465	-95	-0.51	18560	18405	18575	18310	338000	6238696	3803790	14560	22560
9062	日本通運	陸運	50	2/24 15:00	588	0	0.00	588	580	589	579	3456000	2025846	610344	488	688
9064	ヤマトホールディングス	陸運	50	2/24 15:00	2493.5	+39.5	+1.61	2454	2433	2516	2431	4833300	12043014	1025676	1954	2954
9101	日本郵船	海運	50	2/24 15:00	247	-6	-2.37	253	252	254	247	30901000	7738402	420036	173	333
9104	商船三井	海運	50	2/24 15:00	373	-5	-1.32	378	377	380	371	14536000	5440536	449945	298	458
9107	川崎汽船	海運	50	2/24 15:00	301	-3	-0.99	304	305	305	299	7531000	2270920	282754	224	384
9202	ANAホールディングス	空運	50	2/24 15:00	338.1	+0.3	+0.09	337.8	338.3	339.5	336.1	12772000	4319306	1188903	257.8	417.8
9301	三菱倉庫	倉庫	50	2/24 15:00	1618	+2	+0.12	1616	1608	1626	1598	653000	1055650	284641	1216	2016
9412	スカパーJSATホールディングス	通信	500	2/24 15:00	507	+1	+0.20	506	502	508	502	596000	301408	174714	406	606
9432	日本電信電話	通信	250	2/24 15:00	4784	+33	+0.69	4751	4751	4792	4751	3606900	17239302	10029151	4051	5451
9433	KDDI	通信	8.3	2/24 15:00	2974.5	+2.5	+0.08	2972	2965	2980	2958.5	4035700	11989451	7794660	2472	3472
9437	NTTドコモ	通信	500	2/24 15:00	2703.5	+9	+0.33	2694.5	2685	2706	2685	2686100	7252310	10701921	2194.5	3195
9501	東京電力ホールディングス	電気	500	2/24 15:00	435	+2	+0.46	433	432	437	431	8700400	3780797	699053	353	513
9502	中部電力	電気	500	2/24 15:00	1496	-5	-0.33	1501	1490	1504	1490	1331000	1991782	1133968	1101	1901
9503	関西電力	電気	500	2/24 15:00	1262.5	+13.5	+1.08	1249	1249	1267.5	1247	3798300	4789794	1185150	949	1549
9531	東京瓦斯	ガス	50	2/24 15:00	517	-5	-0.96	522	519.6	522.9	516.1	6768000	3511282	1190577	422	622
9532	大阪瓦斯	ガス	50	2/24 15:00	438.9	-1.2	-0.27	440.1	439.4	441.5	437.5	5649000	2482755	914404	360.1	520.1
9602	東宝	サービス	500	2/24 15:00	3175	-45	-1.40	3220	3180	3195	3155	785900	2498684	600045	2490	3890
9613	エヌ・ティ・ティ・データ	通信	50	2/24 15:00	5330	-40	-0.74	5370	5340	5360	5320	656500	3504262	1495065	4370	6370
9681	東京ドーム	サービス	100	2/24 15:00	1117	+6	+0.54	1111	1113	1118	1103	218200	242911	107073	811	1411
9735	セコム	サービス	50	2/24 15:00	8212	-41	-0.50	8253	8209	8287	8200	514900	4237841	1915767	6753	9753
9766	コナミホールディングス	サービス	50	2/24 15:00	4720	+40	+0.85	4680	4650	4720	4630	557300	2617579	677320	3980	5380
9983	ファーストリテイリング	小売業	50	2/24 15:00	35180	-100	-0.28	35280	34950	35310	34880	347300	12189107	3731671	28110	42110
9984	ソフトバンクグループ	通信	16.6	2/24 15:00	8600	-42	-0.49	8642	8576	8672	8576	3920400	33770689	9465679	7142	10145